12826	9314	0	6	AVC26002	-590.71	0
13014	9531	0	6	AVC26003	-419.6	0
12902	9616	0	6	AVC26004	-1068.15	0
13153	9669	0	6	AVC26005	-1147.39	0
13510	9676	0	6	AVC26006	-716.64	0
12946	9732	0	6	AVC26007	-5062.68	0
12947	9736	0	6	AVC26008	-374.42	0
12953	9782	0	6	AVC26009	-195.75	0
13739	9829	0	6	AVC26010	-1222.98	0
13296	9888	0	6	AVC26011	-620.9	0
13309	9947	0	6	AVC26012	-167.93	0
13153	9916	0	6	AVC26013	-403.36	0
13574	9943	0	6	AVC26014	-353.52	0
13974	10020	0	6	AVC26015	-1177.98	0
13692	10026	0	6	AVC26016	-9407.09	0
13638	10103	0	6	AVC26017	-139.13	0
13626	10127	0	6	AVC26018	-520.48	0
13437	10128	0	6	AVC26019	-81	0
13626	10244	0	6	AVC26021	-874.13	0
13105	10304	0	6	AVC26023	-871.68	0
13626	10364	0	6	AVC26024	-225.78	0
13626	10542	0	6	AVC26026	-1688.37	0
13516	10667	0	6	AVC26027	-2165.87	0
13136	10681	0	6	AVC26028	-756.23	0
13311	10729	0	6	AVC26029	-118.5	0
13144	10735	0	6	AVC26030	-111.13	0
13627	10745	0	6	AVC26031	-328.5	0
13145	10750	0	6	AVC26033	-314.12	0
13456	10784	0	6	AVC26034	-1526.58	0
13171	10790	0	6	AVC26035	-161.3	0
13333	11266	0	6	AVC26041	-309.62	0
13646	11289	0	6	AVC26042	-315.65	0
13646	11365	0	6	AVC26045	-1296	0
13677	11430	0	6	AVC26046	-480.2	0
13424	11471	0	6	AVC26048	-166.1	0
13510	11475	0	6	AVC26049	-707.23	0
13966	11553	0	6	AVC26051	-576.61	0
13832	11625	0	6	AVC26052	-331.76	0
13529	11684	0	6	AVC26053	-915.54	0
13536	11720	0	6	AVC26054	-153.04	0
13840	11787	0	6	AVC26055	-87.43	0
13978	11834	0	6	AVC26056	-825.04	0
13603	11991	0	6	AVC26058	-131	0
13936	11992	0	6	AVC26059	-214.41	0
13609	12057	0	6	AVC26061	-159.99	0
13681	12084	0	6	AVC26062	-314.1	0
13485	12176	0	6	AVC26064	-1324.7	0
13711	12291	0	6	AVC26066	-453.6	0
13987	12532	0	6	AVC26070	-1811.2	0
13977	13006	0	6	AVC26074	-507.42	0
14020	13377	0	6	AVC26082	-526.11	0
12806	9144	0	6	FC260000	140.36	0
12847	9148	0	6	FC260001	3877.34	0
13963	9149	0	6	FC260002	303.89	0
12854	9150	0	6	FC260003	1429.74	0
13310	9154	0	6	FC260004	1939.78	0
13963	9156	0	6	FC260005	786.39	0
12940	9157	0	6	FC260006	942.95	0
13089	9159	0	6	FC260007	2064.38	0
12857	9160	0	6	FC260008	998.79	0
12809	9161	0	6	FC260009	813.37	0
13112	9164	0	6	FC260010	1124.52	0
13102	9228	0	6	FC260011	452	0
12925	9166	0	6	FC260012	359.8	0
12832	9167	0	6	FC260013	970.92	0
12805	9168	0	6	FC260014	0.7	0
12804	9168	0	6	FC260014	278.01	0
12830	9169	0	6	FC260015	755.54	0
12924	9170	0	6	FC260016	3690.12	0
13102	9229	0	6	FC260017	2871.98	0
12825	9180	0	6	FC260018	2592	0
13038	9177	0	6	FC260019	1399.36	0
12858	9178	0	6	FC260020	1124.21	0
13493	9179	0	6	FC260021	5327.03	0
13087	9181	0	6	FC260022	2826.7	0
12825	9184	0	6	FC260023	960	0
12807	9185	0	6	FC260024	275.23	0
12808	9186	0	6	FC260025	3197.27	0
12815	9230	0	6	FC260026	751.59	0
13963	9188	0	6	FC260027	3542.55	0
12927	9190	0	6	FC260028	1475.6	0
12843	9191	0	6	FC260029	15845.28	0
12859	9192	0	6	FC260030	1080	0
12816	9195	0	6	FC260031	577.01	0
12810	9196	0	6	FC260032	879.45	0
13153	9197	0	6	FC260033	2219.9	0
13089	9199	0	6	FC260035	9998.76	0
12856	9205	0	6	FC260036	1659.42	0
12811	9206	0	6	FC260037	720.75	0
12928	9210	0	6	FC260038	2520	0
13089	9212	0	6	FC260040	4015.39	0
12831	9213	0	6	FC260041	3702.55	0
13050	9215	0	6	FC260042	223.93	0
12812	9218	0	6	FC260044	828.37	0
12817	9219	0	6	FC260045	312.57	0
13413	9222	0	6	FC260046	3455.66	0
12844	9224	0	6	FC260047	1316.22	0
13088	9226	0	6	FC260048	1451.64	0
12814	9231	0	6	FC260049	673.49	0
12890	9232	0	6	FC260050	1488.96	0
12842	9233	0	6	FC260051	3191.16	0
12813	9235	0	6	FC260052	632.67	0
12818	9236	0	6	FC260053	1424.85	0
13310	9238	0	6	FC260054	3107.33	0
12819	9239	0	6	FC260055	1068.15	0
13493	9241	0	6	FC260056	1780.28	0
12827	9244	0	6	FC260057	851.22	0
13120	9244	0	6	FC260057	99	0
12853	9246	0	6	FC260058	4423.32	0
13030	9247	0	6	FC260059	598	0
12821	9248	0	6	FC260060	1512.78	0
12841	9250	0	6	FC260061	1226.34	0
12891	9252	0	6	FC260062	3744	0
12855	9253	0	6	FC260063	456.58	0
12846	9254	0	6	FC260064	1698.53	0
12820	9257	0	6	FC260066	422.58	0
12962	9258	0	6	FC260067	2133.86	0
12822	9259	0	6	FC260068	1576.86	0
13018	9260	0	6	FC260069	3441.67	0
13429	9261	0	6	FC260070	568.68	0
13493	9263	0	6	FC260071	1230.82	0
12828	9266	0	6	FC260072	450.71	0
12890	9267	0	6	FC260073	547.42	0
12929	9268	0	6	FC260074	1381.8	0
12979	9269	0	6	FC260075	1114.78	0
13089	9270	0	6	FC260076	1156.36	0
13615	9273	0	6	FC260077	1944.59	0
12848	9276	0	6	FC260078	4789.31	0
13110	9277	0	6	FC260079	1125.25	0
12890	9278	0	6	FC260080	5165.5	0
12845	9279	0	6	FC260081	1836.19	0
13047	9281	0	6	FC260082	983.19	0
13110	9282	0	6	FC260083	219	0
13110	9283	0	6	FC260084	219	0
13963	9285	0	6	FC260085	162	0
12959	9286	0	6	FC260086	2423.64	0
12862	9287	0	6	FC260087	1054.02	0
13574	9288	0	6	FC260088	730.98	0
12979	9289	0	6	FC260089	2063.87	0
13018	9290	0	6	FC260090	1412.25	0
12823	9291	0	6	FC260091	289.16	0
13963	9292	0	6	FC260092	206.38	0
13030	9293	0	6	FC260093	932.66	0
12824	9295	0	6	FC260094	1483.2	0
12943	9297	0	6	FC260096	1643.36	0
12926	9300	0	6	FC260098	698.84	0
13102	9304	0	6	FC260099	289.04	0
12826	9305	0	6	FC260100	590.71	0
12936	9307	0	6	FC260101	1178.1	0
12890	9308	0	6	FC260102	1501.82	0
12938	9310	0	6	FC260103	3804.12	0
13493	9311	0	6	FC260104	2184.72	0
13153	9312	0	6	FC260105	155.02	0
12923	9313	0	6	FC260106	230.78	0
12963	9315	0	6	FC260107	3813.86	0
12826	9316	0	6	FC260108	504.4	0
13413	9317	0	6	FC260109	421.94	0
12960	9319	0	6	FC260111	2481.12	0
12834	9322	0	6	FC260112	412.12	0
12836	9323	0	6	FC260113	417.72	0
13616	9326	0	6	FC260115	5878.59	0
12960	9327	0	6	FC260116	793.94	0
12890	9328	0	6	FC260117	1413.58	0
12880	9329	0	6	FC260118	2142.28	0
12890	9330	0	6	FC260119	1667.05	0
12881	9331	0	6	FC260120	2044.46	0
13493	9332	0	6	FC260121	860.5	0
12835	9335	0	6	FC260122	627.97	0
12837	9336	0	6	FC260123	3744	0
12838	9338	0	6	FC260124	3744	0
12839	9339	0	6	FC260125	3744	0
13638	9340	0	6	FC260126	594.2	0
12840	9341	0	6	FC260127	1798.16	0
13780	9343	0	6	FC260128	145.02	0
13088	9344	0	6	FC260129	368.89	0
13102	9345	0	6	FC260130	369.77	0
13638	9346	0	6	FC260131	774.68	0
12864	9347	0	6	FC260132	4784.86	0
13344	9348	0	6	FC260133	501.12	0
12829	9349	0	6	FC260134	1206.97	0
12935	9352	0	6	FC260135	189.28	0
12937	9353	0	6	FC260136	1500.7	0
12833	9357	0	6	FC260137	515.79	0
12934	9359	0	6	FC260138	1320.26	0
13153	9360	0	6	FC260139	454.31	0
13780	9363	0	6	FC260140	240.84	0
12850	9365	0	6	FC260142	371.05	0
13153	9368	0	6	FC260143	1049.65	0
12934	9369	0	6	FC260144	907.56	0
12897	9370	0	6	FC260145	1837.8	0
13963	9371	0	6	FC260146	2433.74	0
12863	9372	0	6	FC260147	1911.36	0
13102	9373	0	6	FC260148	751.51	0
12865	9374	0	6	FC260149	1904.71	0
13574	9375	0	6	FC260150	5153.33	0
13090	9376	0	6	FC260151	4320	0
13036	9378	0	6	FC260152	4442.77	0
12851	9379	0	6	FC260153	138.5	0
12934	9380	0	6	FC260154	528	0
13574	9381	0	6	FC260155	564.21	0
13493	9382	0	6	FC260156	1125.65	0
12918	9384	0	6	FC260157	960	0
13013	9386	0	6	FC260158	1719.42	0
13153	9387	0	6	FC260159	2051.38	0
13493	9388	0	6	FC260160	1320.74	0
13310	9389	0	6	FC260161	695.64	0
12849	9390	0	6	FC260162	1755	0
13381	9391	0	6	FC260163	162	0
13381	9394	0	6	FC260164	744	0
12868	9397	0	6	FC260165	403.49	0
13493	9399	0	6	FC260166	675	0
12977	9400	0	6	FC260167	868.93	0
13562	9401	0	6	FC260168	3860.5	0
13037	9402	0	6	FC260169	918.49	0
13087	9406	0	6	FC260170	1437.07	0
12852	9404	0	6	FC260171	4485.18	0
12942	9405	0	6	FC260172	3572.58	0
13380	9407	0	6	FC260173	332.55	0
13009	9408	0	6	FC260174	8258.1	0
12892	9409	0	6	FC260175	1317.33	0
13102	9410	0	6	FC260176	624.27	0
13261	9412	0	6	FC260177	1978.52	0
13574	9413	0	6	FC260178	1550.16	0
12898	9414	0	6	FC260179	5469.31	0
13574	9416	0	6	FC260180	4658.51	0
12919	9417	0	6	FC260181	7563.4	0
12920	9417	0	6	FC260181	0.06	0
12861	9419	0	6	FC260183	1156.9	0
12892	9420	0	6	FC260184	4522.18	0
12895	9421	0	6	FC260185	6489.83	0
13574	9422	0	6	FC260186	124.94	0
13030	9424	0	6	FC260187	7621.38	0
13153	9425	0	6	FC260188	5422.86	0
12917	9458	0	6	FC260189	2010.69	0
13048	9427	0	6	FC260190	1746.63	0
13153	9428	0	6	FC260191	1817.23	0
12876	9429	0	6	FC260192	1434.24	0
13090	9432	0	6	FC260194	3486.17	0
12869	9433	0	6	FC260195	196	0
13090	9434	0	6	FC260196	936	0
12878	9435	0	6	FC260197	725.69	0
12879	9439	0	6	FC260198	1114.89	0
13153	9441	0	6	FC260199	454.31	0
12870	9442	0	6	FC260200	643.34	0
13615	9443	0	6	FC260201	301.27	0
13574	9444	0	6	FC260202	830.87	0
12871	9445	0	6	FC260203	4964.31	0
12872	9446	0	6	FC260204	5062.68	0
12873	9448	0	6	FC260205	565.24	0
12874	9451	0	6	FC260206	1601.02	0
12860	9452	0	6	FC260207	255.83	0
13008	9456	0	6	FC260208	1022.13	0
12980	9459	0	6	FC260209	842.54	0
13592	9461	0	6	FC260210	3817.39	0
13574	9462	0	6	FC260211	1569.67	0
13050	9463	0	6	FC260212	897.03	0
12867	9466	0	6	FC260213	1374.41	0
12934	9467	0	6	FC260214	499.78	0
12911	9468	0	6	FC260215	4365.85	0
12917	9471	0	6	FC260216	747.56	0
12896	9474	0	6	FC260217	1009.36	0
13963	9475	0	6	FC260218	216	0
12875	9476	0	6	FC260219	135.52	0
12877	9477	0	6	FC260220	147.86	0
13574	9478	0	6	FC260221	1113.94	0
13088	9482	0	6	FC260222	292.02	0
13493	9483	0	6	FC260223	3293.86	0
12978	9484	0	6	FC260224	1067.89	0
12893	9485	0	6	FC260225	1025.69	0
12866	9489	0	6	FC260226	2530.1	0
12885	9490	0	6	FC260227	221.54	0
13201	9499	0	6	FC260228	2057.87	0
13430	9500	0	6	FC260229	764.52	0
12922	9501	0	6	FC260230	1318.82	0
13493	9504	0	6	FC260231	548.54	0
12886	9506	0	6	FC260232	701.54	0
13014	9507	0	6	FC260233	4800	0
13963	9509	0	6	FC260234	2562.48	0
13153	9511	0	6	FC260235	6930.7	0
13030	9513	0	6	FC260237	5686.2	0
12933	9515	0	6	FC260238	1608.84	0
12965	9516	0	6	FC260239	2508	0
12913	9517	0	6	FC260240	1141.82	0
13040	9518	0	6	FC260241	1399.36	0
13080	9519	0	6	FC260242	3258.2	0
13080	9521	0	6	FC260243	1662.86	0
13048	9522	0	6	FC260244	2273.94	0
13102	9523	0	6	FC260245	184.99	0
12974	9525	0	6	FC260246	495	0
12931	9526	0	6	FC260247	655.06	0
13039	9527	0	6	FC260248	4006.54	0
13014	9528	0	6	FC260249	458.41	0
13980	9529	0	6	FC260250	1416.15	0
12883	9532	0	6	FC260251	988.33	0
13574	9534	0	6	FC260252	106.51	0
13088	9535	0	6	FC260253	1231.44	0
12882	9536	0	6	FC260254	886.33	0
13014	9538	0	6	FC260255	2980.97	0
12961	9541	0	6	FC260257	558.18	0
13574	9542	0	6	FC260258	1550.16	0
13980	9543	0	6	FC260259	203.24	0
12888	9544	0	6	FC260260	1828.45	0
12889	9546	0	6	FC260261	1970.74	0
13963	9547	0	6	FC260262	183.78	0
12887	9549	0	6	FC260263	336.67	0
13201	9554	0	6	FC260265	493.44	0
13050	9557	0	6	FC260266	142.97	0
12933	9558	0	6	FC260267	1448.83	0
12884	9562	0	6	FC260268	603.49	0
13020	9563	0	6	FC260269	924.1	0
12932	9567	0	6	FC260271	1440	0
12961	9568	0	6	FC260272	859.89	0
12930	9569	0	6	FC260273	2160	0
13153	9570	0	6	FC260274	1623.61	0
12899	9572	0	6	FC260275	357.28	0
12901	9573	0	6	FC260276	351.13	0
13087	9574	0	6	FC260277	1354.3	0
13088	9575	0	6	FC260278	706.13	0
13201	9579	0	6	FC260279	1530.91	0
13431	9580	0	6	FC260280	301.87	0
13090	9581	0	6	FC260281	3204.98	0
13013	9582	0	6	FC260282	2912.82	0
13007	9584	0	6	FC260284	577.94	0
12915	9588	0	6	FC260285	1327.82	0
12900	9589	0	6	FC260286	333.27	0
13022	9591	0	6	FC260287	698.43	0
12916	9592	0	6	FC260288	2631.65	0
12914	9593	0	6	FC260289	639.63	0
12975	9594	0	6	FC260290	587.38	0
13493	9597	0	6	FC260291	2945.81	0
13574	9596	0	6	FC260292	2057.53	0
13010	9601	0	6	FC260293	670.77	0
13088	9602	0	6	FC260294	760.88	0
13482	9605	0	6	FC260296	1915.42	0
13012	9608	0	6	FC260297	1147.97	0
13493	9609	0	6	FC260298	1197.1	0
13963	9613	0	6	FC260299	1073.62	0
13344	9614	0	6	FC260300	1044	0
12903	9617	0	6	FC260301	857.64	0
12984	9618	0	6	FC260302	937.71	0
13021	9620	0	6	FC260303	385.29	0
13024	9621	0	6	FC260304	530.9	0
13088	9622	0	6	FC260305	4127.18	0
12894	9623	0	6	FC260306	1376.47	0
12985	9624	0	6	FC260307	3028.96	0
13346	9625	0	6	FC260308	161.22	0
13574	9626	0	6	FC260309	913.55	0
12904	9628	0	6	FC260310	586.3	0
12964	9632	0	6	FC260312	475.26	0
13010	9638	0	6	FC260313	443.4	0
12964	9640	0	6	FC260315	381.02	0
12964	9641	0	6	FC260316	618.98	0
13017	9642	0	6	FC260317	4235.67	0
12905	9644	0	6	FC260318	650.12	0
13048	9646	0	6	FC260319	1521.2	0
13980	9647	0	6	FC260320	278.73	0
13038	9648	0	6	FC260321	1815.12	0
12906	9651	0	6	FC260322	1679.78	0
12907	9652	0	6	FC260323	1311.94	0
13102	9654	0	6	FC260324	432.83	0
13201	9658	0	6	FC260326	1129.8	0
12908	9661	0	6	FC260328	362.46	0
12976	9662	0	6	FC260329	321.77	0
13982	9663	0	6	FC260330	254.25	0
13493	9664	0	6	FC260331	694.61	0
12976	9665	0	6	FC260332	475.98	0
12971	9666	0	6	FC260333	1485.4	0
13153	9667	0	6	FC260334	1188.36	0
13615	9670	0	6	FC260335	1515.19	0
13087	9671	0	6	FC260336	5398.54	0
13060	9672	0	6	FC260337	2970.43	0
13069	9673	0	6	FC260338	1006.9	0
13493	9674	0	6	FC260339	8393.57	0
13493	9675	0	6	FC260340	4519.55	0
13023	9677	0	6	FC260341	604.68	0
13493	9681	0	6	FC260344	804.42	0
13013	9682	0	6	FC260345	2592	0
13025	9683	0	6	FC260346	90	0
12909	9684	0	6	FC260347	988.81	0
13116	9685	0	6	FC260348	732.81	0
12984	9689	0	6	FC260350	4441.68	0
12912	9694	0	6	FC260354	474.24	0
13381	9696	0	6	FC260356	116.82	0
13088	9697	0	6	FC260357	324	0
13048	9698	0	6	FC260358	190.85	0
13102	9699	0	6	FC260359	451.77	0
13090	9700	0	6	FC260360	787.41	0
12973	9703	0	6	FC260361	255.78	0
13115	9704	0	6	FC260362	6646.92	0
12972	9706	0	6	FC260363	1080	0
12995	9707	0	6	FC260364	3240	0
13179	9708	0	6	FC260365	1215.4	0
13153	9709	0	6	FC260366	730.44	0
13432	9710	0	6	FC260367	493.99	0
13064	9713	0	6	FC260368	1111.52	0
12945	9714	0	6	FC260369	198.98	0
13433	9715	0	6	FC260370	1040.64	0
13011	9716	0	6	FC260371	2009.87	0
13562	9717	0	6	FC260372	2081.28	0
13730	9720	0	6	FC260373	791.06	0
13562	9721	0	6	FC260374	1153.22	0
13493	9722	0	6	FC260375	456.77	0
13493	9723	0	6	FC260376	2400	0
13153	9725	0	6	FC260377	314.51	0
13115	9726	0	6	FC260378	1492.9	0
13088	9727	0	6	FC260379	584.04	0
12970	9728	0	6	FC260380	1300	0
13070	9729	0	6	FC260381	1146.91	0
13015	9730	0	6	FC260382	4522.18	0
12948	9733	0	6	FC260383	4984.31	0
12949	9738	0	6	FC260384	869.85	0
13381	9740	0	6	FC260386	946.18	0
12950	9741	0	6	FC260387	374.94	0
13153	9742	0	6	FC260388	219.28	0
13493	9743	0	6	FC260389	6400	0
12951	9745	0	6	FC260390	339.75	0
13308	9946	0	6	FC260391	519.63	0
13090	9747	0	6	FC260392	1492.9	0
13574	9748	0	6	FC260393	4112.16	0
13102	9749	0	6	FC260394	378.46	0
13574	9750	0	6	FC260395	3240	0
13344	9752	0	6	FC260397	117.29	0
12996	9753	0	6	FC260398	1485.4	0
13002	9755	0	6	FC260399	522.4	0
12996	9757	0	6	FC260400	1292.31	0
12921	9760	0	6	FC260402	823.02	0
13381	9762	0	6	FC260404	827.9	0
13574	9763	0	6	FC260405	761.23	0
13201	9766	0	6	FC260408	1828.47	0
12952	9768	0	6	FC260409	480.64	0
12996	9770	0	6	FC260410	5179.46	0
13153	9771	0	6	FC260411	548.98	0
12993	9772	0	6	FC260412	497.76	0
13980	9786	0	6	FC260414	1486.81	0
13051	9787	0	6	FC260417	1287.3	0
12954	9789	0	6	FC260418	1193.67	0
12941	9790	0	6	FC260419	756.81	0
12955	9792	0	6	FC260420	1121.62	0
13493	9793	0	6	FC260421	688.56	0
13493	9794	0	6	FC260422	284.93	0
13434	9797	0	6	FC260423	1949.95	0
13381	9798	0	6	FC260424	695.64	0
13090	9800	0	6	FC260425	508.77	0
12939	9801	0	6	FC260426	1929.22	0
13057	9805	0	6	FC260428	1496.66	0
13051	9806	0	6	FC260429	377.69	0
13153	9808	0	6	FC260430	2150.64	0
13980	9809	0	6	FC260431	1891.9	0
12982	9810	0	6	FC260432	1985.5	0
13058	9811	0	6	FC260433	1660.7	0
13057	9812	0	6	FC260434	276.77	0
12994	9814	0	6	FC260435	15799.58	0
13056	9815	0	6	FC260436	1201.07	0
12956	9819	0	6	FC260437	152.02	0
13638	9820	0	6	FC260438	139.13	0
13102	9821	0	6	FC260439	477.14	0
12983	9822	0	6	FC260440	1779.57	0
13087	9824	0	6	FC260441	1763.86	0
13050	9825	0	6	FC260442	103.53	0
13730	9826	0	6	FC260443	705.74	0
13019	9828	0	6	FC260444	3469.43	0
13493	9831	0	6	FC260445	5694.87	0
13153	9832	0	6	FC260446	249.89	0
13102	9835	0	6	FC260447	1056.74	0
12958	9838	0	6	FC260448	2224.8	0
12967	9839	0	6	FC260449	725.42	0
12968	9841	0	6	FC260450	768.55	0
12969	9842	0	6	FC260451	900.09	0
13493	9843	0	6	FC260452	1028.04	0
13088	9846	0	6	FC260453	1918.51	0
13051	9847	0	6	FC260454	2548.69	0
13051	9850	0	6	FC260455	1089.07	0
13493	9852	0	6	FC260456	1121.93	0
13574	9853	0	6	FC260457	620.1	0
13090	9854	0	6	FC260458	1304.4	0
13041	9855	0	6	FC260459	1541.45	0
13201	9856	0	6	FC260460	1607.23	0
13154	9857	0	6	FC260461	845.66	0
13054	9860	0	6	FC260462	540	0
12957	9861	0	6	FC260463	2305.06	0
13088	9863	0	6	FC260464	2340	0
13102	9864	0	6	FC260465	166.15	0
13493	9866	0	6	FC260466	468	0
12997	9867	0	6	FC260467	1954.05	0
13016	9869	0	6	FC260468	4173.12	0
13493	9873	0	6	FC260470	648	0
13980	9874	0	6	FC260471	134.25	0
13016	9875	0	6	FC260472	1731.75	0
13114	9876	0	6	FC260473	13650.65	0
13113	9876	0	6	FC260473	12000	0
13016	9880	0	6	FC260474	363.02	0
13032	9883	0	6	FC260475	3188.98	0
13032	9884	0	6	FC260476	382.99	0
13071	9885	0	6	FC260477	202.5	0
13482	9886	0	6	FC260478	1002.04	0
13055	9887	0	6	FC260479	1845.73	0
12981	9891	0	6	FC260480	1314.1	0
12986	9896	0	6	FC260482	427.73	0
13357	9897	0	6	FC260483	2250.52	0
13075	9898	0	6	FC260484	1322.84	0
13574	9901	0	6	FC260485	1476.38	0
13357	9902	0	6	FC260486	2450.86	0
13054	9906	0	6	FC260488	540	0
13153	9907	0	6	FC260489	8067.24	0
13381	9911	0	6	FC260491	1941.36	0
13111	9912	0	6	FC260492	1813.74	0
12987	9914	0	6	FC260493	1374.55	0
12988	9915	0	6	FC260494	420.8	0
12990	9917	0	6	FC260495	961.27	0
13153	9919	0	6	FC260496	405.59	0
13078	9921	0	6	FC260498	27158.41	0
13574	9925	0	6	FC260499	11506.42	0
13102	9926	0	6	FC260500	370.44	0
13088	9928	0	6	FC260501	367.13	0
13031	9931	0	6	FC260502	4843.8	0
13052	9932	0	6	FC260503	1737.36	0
13052	9934	0	6	FC260504	1074.13	0
13574	9935	0	6	FC260505	4359.17	0
12991	9936	0	6	FC260506	803.14	0
13574	9937	0	6	FC260507	2095.63	0
12989	9941	0	6	FC260508	674.44	0
13052	9942	0	6	FC260509	540	0
13155	9944	0	6	FC260510	806.14	0
13357	9948	0	6	FC260512	1510.47	0
13191	9949	0	6	FC260513	648.3	0
13344	9951	0	6	FC260514	650.04	0
13357	9955	0	6	FC260516	450	0
13153	9959	0	6	FC260517	896.33	0
13078	9962	0	6	FC260519	1095	0
13049	9965	0	6	FC260520	1399.11	0
13093	9967	0	6	FC260521	6763.44	0
13182	9971	0	6	FC260522	877.5	0
13035	9973	0	6	FC260523	3821.65	0
13000	9974	0	6	FC260524	355.91	0
13153	9979	0	6	FC260525	4836.23	0
13260	9984	0	6	FC260526	2039.14	0
12998	9986	0	6	FC260527	318.67	0
13186	9988	0	6	FC260529	1062.77	0
13060	9990	0	6	FC260530	1154.3	0
13211	9992	0	6	FC260531	832.97	0
13574	9993	0	6	FC260532	705.74	0
12999	9995	0	6	FC260533	154.23	0
13102	9998	0	6	FC260535	664.81	0
13211	9999	0	6	FC260536	256.79	0
12992	10000	0	6	FC260537	16081.4	0
13355	10002	0	6	FC260538	324	0
13001	10005	0	6	FC260540	501.06	0
13615	10008	0	6	FC260541	279.04	0
13692	10009	0	6	FC260542	1099.06	0
13033	10010	0	6	FC260543	1563.01	0
13102	10011	0	6	FC260544	612.95	0
13201	10012	0	6	FC260545	1401.27	0
13381	10014	0	6	FC260547	124.94	0
13485	10018	0	6	FC260548	1324.7	0
13053	10019	0	6	FC260549	747.11	0
13003	10021	0	6	FC260550	773.07	0
13435	10022	0	6	FC260551	130.01	0
13849	10023	0	6	FC260552	508.44	0
13004	10024	0	6	FC260553	1162.38	0
13614	10025	0	6	FC260554	6724.59	0
13588	10029	0	6	FC260555	562.63	0
13614	10030	0	6	FC260556	709.78	0
13383	10032	0	6	FC260558	2392.12	0
13692	10036	0	6	FC260560	8290.56	0
13257	10037	0	6	FC260561	416.36	0
13200	10038	0	6	FC260562	1068.45	0
13815	10039	0	6	FC260563	1452.1	0
13647	10041	0	6	FC260565	3135.5	0
13614	10042	0	6	FC260566	1781.28	0
13006	10043	0	6	FC260567	803.14	0
13123	10052	0	6	FC260568	1020.92	0
13647	10045	0	6	FC260569	176	0
13815	10046	0	6	FC260570	877.13	0
13973	10047	0	6	FC260571	5845.1	0
13005	10050	0	6	FC260573	507.17	0
13345	10051	0	6	FC260574	854.74	0
13638	10053	0	6	FC260575	1777.22	0
13355	10054	0	6	FC260576	8173.49	0
13081	10056	0	6	FC260577	3001.17	0
13355	10057	0	6	FC260578	317.12	0
13258	10079	0	6	FC260580	711.99	0
13982	10065	0	6	FC260582	894.94	0
13382	10066	0	6	FC260583	708.79	0
13436	10067	0	6	FC260584	81	0
13026	10069	0	6	FC260585	359.39	0
13027	10071	0	6	FC260586	305.06	0
13028	10072	0	6	FC260587	111.13	0
13079	10073	0	6	FC260588	931.01	0
13180	10077	0	6	FC260589	371.77	0
13063	10078	0	6	FC260590	404.54	0
13063	10080	0	6	FC260591	683.62	0
13007	10083	0	6	FC260593	3202.47	0
13187	10087	0	6	FC260594	873.32	0
13815	10088	0	6	FC260595	958.86	0
13254	10089	0	6	FC260596	521.21	0
13342	10090	0	6	FC260597	2620.03	0
13066	10092	0	6	FC260598	6922.18	0
13614	10093	0	6	FC260599	564.3	0
13029	10095	0	6	FC260600	291	0
13210	10096	0	6	FC260601	0.86	0
13209	10096	0	6	FC260601	734	0
13614	10098	0	6	FC260602	1200	0
13259	10099	0	6	FC260603	1013.42	0
13682	10102	0	6	FC260606	643.28	0
13183	10105	0	6	FC260608	278.73	0
13183	10107	0	6	FC260610	310.75	0
13626	10108	0	6	FC260611	324.12	0
13602	10110	0	6	FC260612	6190.96	0
13614	10111	0	6	FC260613	2422.74	0
13382	10113	0	6	FC260615	1287.54	0
13849	10114	0	6	FC260616	110.45	0
13181	10117	0	6	FC260618	1001.3	0
13614	10118	0	6	FC260619	1114.13	0
13814	10120	0	6	FC260621	1324.66	0
13380	10121	0	6	FC260622	438.11	0
13161	10123	0	6	FC260623	1848.84	0
13682	10124	0	6	FC260624	2948.22	0
13184	10125	0	6	FC260625	2240	0
13828	10129	0	6	FC260627	1347.48	0
13856	10130	0	6	FC260628	3269.38	0
13061	10131	0	6	FC260629	4971.83	0
13206	10137	0	6	FC260630	6242.64	0
13190	10139	0	6	FC260631	453.68	0
13061	10140	0	6	FC260632	278.26	0
13614	10141	0	6	FC260633	456.77	0
13185	10142	0	6	FC260634	352.91	0
13206	10148	0	6	FC260636	396	0
13815	10149	0	6	FC260637	1064.66	0
13256	10151	0	6	FC260638	307.12	0
13255	10152	0	6	FC260639	2664.81	0
13849	10157	0	6	FC260640	677.47	0
13692	10158	0	6	FC260641	3297.77	0
13602	10162	0	6	FC260643	1394.84	0
13498	10163	0	6	FC260644	952.4	0
13043	10165	0	6	FC260645	112.22	0
13077	10171	0	6	FC260650	1782.6	0
13383	10172	0	6	FC260651	573.7	0
13203	10173	0	6	FC260652	5144.36	0
13214	10174	0	6	FC260653	5967.35	0
13532	10176	0	6	FC260655	5424.51	0
13044	10178	0	6	FC260656	461.3	0
13062	10180	0	6	FC260658	1616.16	0
13042	10181	0	6	FC260659	751.59	0
13045	10184	0	6	FC260661	221.54	0
13780	10186	0	6	FC260663	337.13	0
13177	10187	0	6	FC260664	526.5	0
13156	10188	0	6	FC260665	526.5	0
13060	10189	0	6	FC260666	2537.05	0
13815	10190	0	6	FC260667	3076.83	0
13353	10192	0	6	FC260669	7186.87	0
13076	10193	0	6	FC260670	496.02	0
13353	10194	0	6	FC260671	257.29	0
13178	10195	0	6	FC260672	1655.53	0
13046	10196	0	6	FC260673	196	0
13354	10197	0	6	FC260674	4153.73	0
13383	10200	0	6	FC260675	560.96	0
13626	10201	0	6	FC260676	2169.14	0
13614	10204	0	6	FC260677	1125.65	0
13059	10206	0	6	FC260678	207.02	0
13162	10211	0	6	FC260679	2185.95	0
13292	10212	0	6	FC260680	854.21	0
13189	10213	0	6	FC260681	506.59	0
13626	10216	0	6	FC260682	3253.72	0
13342	10219	0	6	FC260683	526.49	0
13383	10220	0	6	FC260684	1220.26	0
13284	10221	0	6	FC260685	2981.19	0
13563	10222	0	6	FC260686	6528.84	0
13815	10224	0	6	FC260687	3794.88	0
13200	10225	0	6	FC260688	2536.56	0
13360	10228	0	6	FC260689	1400.29	0
13360	10229	0	6	FC260690	972	0
13626	10231	0	6	FC260691	471.07	0
13166	10232	0	6	FC260692	1553.76	0
13292	10233	0	6	FC260693	436.87	0
13856	10238	0	6	FC260695	3297.48	0
13292	10239	0	6	FC260696	1698.9	0
13213	10240	0	6	FC260697	1043.14	0
13291	10241	0	6	FC260698	155.02	0
13626	10242	0	6	FC260699	7009.51	0
13626	10243	0	6	FC260700	908.62	0
13682	10245	0	6	FC260701	684.6	0
13336	10247	0	6	FC260702	1689.13	0
13291	10248	0	6	FC260703	5131.06	0
13637	10249	0	6	FC260704	278.81	0
13167	10251	0	6	FC260706	2128.32	0
13342	10253	0	6	FC260707	1748.26	0
13345	10255	0	6	FC260708	12001.62	0
13626	10256	0	6	FC260709	2471.14	0
13828	10257	0	6	FC260710	1662.34	0
13626	10258	0	6	FC260711	197.03	0
13072	10259	0	6	FC260712	1285.87	0
13383	10262	0	6	FC260713	400.73	0
13200	10263	0	6	FC260714	396	0
13849	10264	0	6	FC260715	1241.69	0
13443	10268	0	6	FC260718	129.4	0
13073	10269	0	6	FC260719	1065.02	0
13345	10271	0	6	FC260720	101.24	0
13175	10274	0	6	FC260721	156	0
13198	10276	0	6	FC260722	2003.97	0
13119	10279	0	6	FC260724	3220.8	0
13160	10280	0	6	FC260725	1114.93	0
13595	10281	0	6	FC260726	6775.7	0
13595	10282	0	6	FC260727	4311.32	0
13253	10285	0	6	FC260728	955.58	0
13292	10287	0	6	FC260729	1737.36	0
13828	10288	0	6	FC260730	188.5	0
13105	10289	0	6	FC260731	858.96	0
13637	10290	0	6	FC260732	310.33	0
13815	10291	0	6	FC260733	3330.82	0
13392	10294	0	6	FC260735	1282.1	0
13380	10295	0	6	FC260736	620.52	0
13106	10296	0	6	FC260737	1472.2	0
13197	10297	0	6	FC260738	437.76	0
13240	10299	0	6	FC260739	12123.2	0
13074	10303	0	6	FC260740	1168.19	0
13360	10305	0	6	FC260741	4540.93	0
13282	10306	0	6	FC260742	1273.92	0
13124	10309	0	6	FC260743	672.27	0
13067	10310	0	6	FC260744	321.44	0
13082	10311	0	6	FC260745	407.5	0
13614	10314	0	6	FC260747	9733.47	0
13068	10315	0	6	FC260748	2482.22	0
13383	10316	0	6	FC260749	407.35	0
13293	10320	0	6	FC260751	703.7	0
13395	10326	0	6	FC260752	1051.29	0
13105	10323	0	6	FC260753	1164.34	0
13383	10324	0	6	FC260754	508.44	0
13193	10329	0	6	FC260755	860.92	0
13094	10330	0	6	FC260756	845.15	0
13163	10331	0	6	FC260757	3297.77	0
13083	10332	0	6	FC260758	1176.52	0
13084	10333	0	6	FC260759	112.22	0
13293	10337	0	6	FC260760	265.59	0
13278	10338	0	6	FC260761	2332.72	0
13085	10341	0	6	FC260762	1630.01	0
13833	10343	0	6	FC260764	816.67	0
13237	10345	0	6	FC260765	9626.53	0
13237	10351	0	6	FC260766	379.78	0
13833	10349	0	6	FC260767	2557.38	0
13240	10352	0	6	FC260768	1948.32	0
13382	10354	0	6	FC260769	1183.14	0
13637	10355	0	6	FC260770	99.49	0
13213	10357	0	6	FC260771	381.7	0
13352	10359	0	6	FC260772	4528.03	0
13213	10361	0	6	FC260774	351.6	0
13352	10362	0	6	FC260775	440.96	0
13626	10363	0	6	FC260776	948.66	0
13626	10365	0	6	FC260777	213.68	0
13637	10366	0	6	FC260778	74.16	0
13815	10367	0	6	FC260779	299.13	0
13225	10369	0	6	FC260780	576.48	0
13225	10370	0	6	FC260781	2198.11	0
13614	10371	0	6	FC260782	477.79	0
13285	10376	0	6	FC260783	1916.35	0
13379	10378	0	6	FC260784	192.97	0
13310	10379	0	6	FC260785	2174.64	0
13086	10380	0	6	FC260786	3149.16	0
13168	10381	0	6	FC260787	665.55	0
13849	10382	0	6	FC260788	1513.7	0
13382	10386	0	6	FC260790	90	0
13212	10387	0	6	FC260791	3120.15	0
13285	10388	0	6	FC260792	604.99	0
13383	10389	0	6	FC260793	1316.14	0
13394	10392	0	6	FC260794	376.43	0
13311	10393	0	6	FC260795	4404.15	0
13098	10395	0	6	FC260796	527.9	0
13176	10396	0	6	FC260797	345.77	0
13815	10397	0	6	FC260798	333.41	0
13277	10399	0	6	FC260800	3622.78	0
13276	10399	0	6	FC260800	3623	0
13614	10400	0	6	FC260801	1737.36	0
13091	10404	0	6	FC260802	1481.38	0
13092	10405	0	6	FC260803	1545.43	0
13159	10408	0	6	FC260805	1020.92	0
13130	10411	0	6	FC260806	5016.79	0
13095	10413	0	6	FC260807	1551.23	0
13352	10415	0	6	FC260808	1452.38	0
13283	10416	0	6	FC260809	479.77	0
13096	10420	0	6	FC260810	4522.18	0
13097	10418	0	6	FC260811	4620.3	0
13099	10421	0	6	FC260812	486.19	0
13626	10422	0	6	FC260813	1419.26	0
13311	10425	0	6	FC260814	3692	0
13849	10427	0	6	FC260816	4638.55	0
13614	10428	0	6	FC260817	996.77	0
13849	10430	0	6	FC260818	753.89	0
13393	10432	0	6	FC260819	1553.76	0
13208	10445	0	6	FC260820	1040.95	0
13101	10435	0	6	FC260821	99.24	0
13614	10436	0	6	FC260822	716.64	0
13300	10437	0	6	FC260823	1622.94	0
13614	10440	0	6	FC260824	548.54	0
13208	10443	0	6	FC260826	1282.1	0
13100	10444	0	6	FC260827	1615.61	0
13310	10446	0	6	FC260828	681.89	0
13208	10447	0	6	FC260829	726.05	0
13240	10448	0	6	FC260830	2204.93	0
13208	10449	0	6	FC260831	1333.63	0
13383	10450	0	6	FC260832	1061.1	0
13208	10453	0	6	FC260833	2869.89	0
13815	10455	0	6	FC260834	2122.87	0
13438	10456	0	6	FC260835	208.8	0
13129	10457	0	6	FC260836	797.33	0
13780	10458	0	6	FC260837	151.25	0
13645	10459	0	6	FC260838	1898.88	0
13286	10460	0	6	FC260839	3191.16	0
13359	10463	0	6	FC260841	4051.32	0
13359	10465	0	6	FC260842	292.02	0
13127	10466	0	6	FC260843	1571.97	0
13815	10471	0	6	FC260846	1290.43	0
13107	10479	0	6	FC260850	145.77	0
13225	10481	0	6	FC260851	2121.7	0
13225	10485	0	6	FC260853	1290.38	0
13382	10486	0	6	FC260854	370.44	0
13815	10487	0	6	FC260855	456	0
13271	10488	0	6	FC260856	301.2	0
13108	10494	0	6	FC260858	307.12	0
13207	10496	0	6	FC260860	574.15	0
13103	10498	0	6	FC260862	1254.82	0
13352	10499	0	6	FC260863	551.56	0
13194	10500	0	6	FC260864	480.38	0
13117	10501	0	6	FC260865	737.86	0
13293	10503	0	6	FC260867	2387.58	0
13293	10504	0	6	FC260868	3393.05	0
13637	10510	0	6	FC260872	168	0
13224	10513	0	6	FC260873	2297.95	0
13443	10515	0	6	FC260874	215.49	0
13470	10518	0	6	FC260876	1809.33	0
13236	10519	0	6	FC260877	1426.77	0
13109	10520	0	6	FC260878	428.74	0
13614	10521	0	6	FC260879	1871.15	0
13224	10552	0	6	FC260880	785.5	0
13383	10527	0	6	FC260881	1075.32	0
13118	10532	0	6	FC260882	3763.62	0
13227	10536	0	6	FC260883	1832.16	0
13125	10537	0	6	FC260884	1174.93	0
13356	10540	0	6	FC260885	4296	0
13614	10541	0	6	FC260886	325.37	0
13849	10543	0	6	FC260887	363.63	0
13280	10544	0	6	FC260888	747.28	0
13104	10549	0	6	FC260889	3757.95	0
13290	10561	0	6	FC260890	738.94	0
13668	10553	0	6	FC260891	367.56	0
13390	10556	0	6	FC260892	651.54	0
13398	10557	0	6	FC260893	7672.94	0
13623	10559	0	6	FC260894	921.03	0
13290	10560	0	6	FC260895	5400	0
13498	10562	0	6	FC260896	843.68	0
13337	10564	0	6	FC260897	2306.66	0
13128	10565	0	6	FC260898	320.68	0
13815	10566	0	6	FC260899	3223.15	0
13126	10570	0	6	FC260901	1200	0
13383	10573	0	6	FC260903	570.29	0
13443	10576	0	6	FC260904	6847.9	0
13165	10577	0	6	FC260905	4473.19	0
13358	10579	0	6	FC260906	6804.57	0
13158	10580	0	6	FC260907	1058.69	0
13614	10581	0	6	FC260908	2785.32	0
13235	10582	0	6	FC260909	1740.13	0
13279	10583	0	6	FC260910	2165.87	0
13133	10585	0	6	FC260911	1364.58	0
13135	10586	0	6	FC260912	103.34	0
13121	10587	0	6	FC260913	603.49	0
13614	10588	0	6	FC260914	2253.96	0
13453	10589	0	6	FC260915	624.72	0
13382	10590	0	6	FC260916	261	0
13815	10591	0	6	FC260917	4433.62	0
13122	10592	0	6	FC260918	4711.72	0
13443	10593	0	6	FC260919	348.95	0
13226	10594	0	6	FC260920	1044	0
13856	10600	0	6	FC260922	1609.59	0
13289	10603	0	6	FC260923	1129.28	0
13481	10604	0	6	FC260924	1873.42	0
13589	10606	0	6	FC260925	534.38	0
13596	10608	0	6	FC260927	863.1	0
13398	10609	0	6	FC260928	1485.4	0
13334	10610	0	6	FC260929	1262.77	0
13215	10611	0	6	FC260930	4084.5	0
13361	10613	0	6	FC260931	3132.64	0
13439	10615	0	6	FC260932	508.7	0
13199	10616	0	6	FC260933	1712.56	0
13301	10617	0	6	FC260934	929.88	0
13815	10619	0	6	FC260935	4153.73	0
13614	10621	0	6	FC260936	720	0
13274	10622	0	6	FC260937	1210.75	0
13974	10629	0	6	FC260940	3600	0
13856	10630	0	6	FC260941	581.7	0
13383	10631	0	6	FC260942	1127.71	0
13131	10634	0	6	FC260945	2466.05	0
13339	10635	0	6	FC260946	598.55	0
13134	10636	0	6	FC260947	423.84	0
13274	10637	0	6	FC260948	1761.16	0
13205	10640	0	6	FC260949	1990.4	0
13157	10641	0	6	FC260950	1155.15	0
13626	10642	0	6	FC260951	345.07	0
13382	10643	0	6	FC260952	1064.4	0
13398	10644	0	6	FC260953	5222.09	0
13312	10645	0	6	FC260954	1538.35	0
13637	10647	0	6	FC260955	297.7	0
13132	10652	0	6	FC260956	5282.37	0
13382	10653	0	6	FC260957	273.73	0
13311	10658	0	6	FC260959	221.71	0
13626	10659	0	6	FC260960	6923.26	0
13137	10661	0	6	FC260961	369.29	0
13138	10662	0	6	FC260962	1632.22	0
13139	10664	0	6	FC260963	1990.1	0
13614	10668	0	6	FC260966	1126.37	0
13338	10669	0	6	FC260967	1232.32	0
13380	10673	0	6	FC260968	539.47	0
13614	10674	0	6	FC260969	390.1	0
13614	10675	0	6	FC260970	725	0
13288	10679	0	6	FC260973	1472.06	0
13140	10682	0	6	FC260974	852.59	0
13828	10683	0	6	FC260975	584.56	0
13242	10686	0	6	FC260976	819.74	0
13799	10687	0	6	FC260977	1074.54	0
13302	10689	0	6	FC260978	597.17	0
13224	10691	0	6	FC260979	571.54	0
13141	10692	0	6	FC260980	1311.94	0
13361	10693	0	6	FC260981	3655.98	0
13238	10694	0	6	FC260982	1028.99	0
13142	10696	0	6	FC260983	302.34	0
13627	10698	0	6	FC260984	1130.08	0
13626	10698	0	6	FC260984	1621.06	0
13143	10699	0	6	FC260985	2795.34	0
13498	10700	0	6	FC260986	1044	0
13146	10702	0	6	FC260987	318.02	0
13343	10703	0	6	FC260988	2900.34	0
13147	10704	0	6	FC260989	314.12	0
13224	10706	0	6	FC260990	621.79	0
13311	10707	0	6	FC260991	116.49	0
13412	10708	0	6	FC260992	1010.74	0
13148	10709	0	6	FC260993	314.12	0
13815	10710	0	6	FC260994	689.47	0
13849	10711	0	6	FC260995	1661.74	0
13614	10713	0	6	FC260997	193.72	0
13150	10720	0	6	FC261002	124.23	0
13383	10721	0	6	FC261003	1837.44	0
13204	10723	0	6	FC261004	3046.63	0
13325	10724	0	6	FC261005	1570.49	0
13382	10725	0	6	FC261006	2347.08	0
13982	10727	0	6	FC261007	554.07	0
13223	10728	0	6	FC261008	1501.34	0
13304	10731	0	6	FC261009	0.6	0
13303	10731	0	6	FC261009	972.23	0
13327	10733	0	6	FC261010	3928.03	0
13149	10736	0	6	FC261012	186.97	0
13349	10738	0	6	FC261013	1278.9	0
13327	10739	0	6	FC261014	1898.06	0
13228	10740	0	6	FC261015	396.42	0
13169	10752	0	6	FC261019	378.67	0
13170	10753	0	6	FC261020	4522.18	0
13382	10757	0	6	FC261021	696.6	0
13311	10758	0	6	FC261022	1850.16	0
13849	10760	0	6	FC261023	501.51	0
13668	10762	0	6	FC261024	461.93	0
13849	10765	0	6	FC261025	738.19	0
13305	10766	0	6	FC261026	705.82	0
13326	10773	0	6	FC261028	931.01	0
13151	10774	0	6	FC261029	738.94	0
13637	10775	0	6	FC261030	721.6	0
13469	10776	0	6	FC261031	417.29	0
13152	10777	0	6	FC261032	383.08	0
13224	10779	0	6	FC261033	3781.58	0
13627	10780	0	6	FC261034	3773.9	0
13453	10782	0	6	FC261035	1729.31	0
13240	10783	0	6	FC261036	2423.83	0
13849	10787	0	6	FC261037	321.72	0
13172	10789	0	6	FC261039	161.3	0
13164	10791	0	6	FC261040	645.22	0
13627	10795	0	6	FC261042	2498.65	0
13281	10796	0	6	FC261043	35059.78	0
13173	10798	0	6	FC261044	593.26	0
13174	10800	0	6	FC261045	304.68	0
13849	10801	0	6	FC261046	395.47	0
13327	10802	0	6	FC261047	1224	0
13637	10804	0	6	FC261048	439.2	0
13195	10807	0	6	FC261049	74.58	0
13814	10809	0	6	FC261050	2201.16	0
13275	10810	0	6	FC261051	1178.32	0
13622	10811	0	6	FC261052	761.12	0
13318	10813	0	6	FC261053	1848.56	0
13295	10815	0	6	FC261054	1621.6	0
13814	10817	0	6	FC261055	4070.88	0
13815	10817	0	6	FC261055	4973.48	0
13287	10818	0	6	FC261056	3702.21	0
13627	10819	0	6	FC261057	7566.69	0
13627	10821	0	6	FC261058	746.81	0
13310	10822	0	6	FC261059	737.5	0
13803	10825	0	6	FC261060	489.19	0
13856	10826	0	6	FC261061	1421.54	0
13383	10830	0	6	FC261064	2447.94	0
13295	10832	0	6	FC261065	656.75	0
13647	10836	0	6	FC261066	3393.76	0
13323	10842	0	6	FC261069	7670.88	0
13196	10843	0	6	FC261070	246.68	0
13294	10845	0	6	FC261072	1513.35	0
13349	10846	0	6	FC261073	1615.48	0
13382	10852	0	6	FC261074	2840.67	0
13602	10855	0	6	FC261075	866.06	0
13335	10856	0	6	FC261076	617.24	0
13614	10857	0	6	FC261077	1366.75	0
13382	10858	0	6	FC261078	679.02	0
13216	10859	0	6	FC261079	784.31	0
13192	10863	0	6	FC261080	847.08	0
13383	10864	0	6	FC261081	650.26	0
13202	10866	0	6	FC261083	717.85	0
13627	10867	0	6	FC261084	877.13	0
13627	10868	0	6	FC261085	2240.42	0
13217	10870	0	6	FC261086	436.31	0
13385	10872	0	6	FC261087	2231.1	0
13471	10877	0	6	FC261089	907.2	0
13350	10879	0	6	FC261090	5809.19	0
13639	10880	0	6	FC261091	466.56	0
13323	10881	0	6	FC261092	8013.07	0
13218	10883	0	6	FC261094	758.64	0
13814	10884	0	6	FC261095	6873	0
13814	10885	0	6	FC261096	1740	0
13485	10887	0	6	FC261097	936.83	0
13296	10888	0	6	FC261098	2256.7	0
13320	10889	0	6	FC261099	4810.91	0
13219	10891	0	6	FC261100	909.94	0
13856	10894	0	6	FC261101	1334.98	0
13350	10895	0	6	FC261102	751.37	0
13239	10897	0	6	FC261103	145.5	0
13856	10898	0	6	FC261104	959.72	0
13229	10900	0	6	FC261105	275.23	0
13343	10901	0	6	FC261106	2420.98	0
13233	10903	0	6	FC261107	926.34	0
13234	10904	0	6	FC261108	340.78	0
13400	10905	0	6	FC261109	1253.38	0
13440	10906	0	6	FC261110	969.03	0
13399	10908	0	6	FC261111	1131	0
13230	10909	0	6	FC261112	184.59	0
13231	10912	0	6	FC261113	268.73	0
13382	10915	0	6	FC261116	1805.76	0
13614	10917	0	6	FC261117	728.8	0
13408	10920	0	6	FC261118	1017.8	0
13324	10921	0	6	FC261119	1386.13	0
13627	10922	0	6	FC261120	85.23	0
13379	10923	0	6	FC261121	346.4	0
13345	10925	0	6	FC261123	3325.8	0
13828	10928	0	6	FC261125	173.74	0
13221	10929	0	6	FC261126	1040.06	0
13814	10930	0	6	FC261127	2136.84	0
13312	10931	0	6	FC261128	1088.82	0
13814	10932	0	6	FC261129	87	0
13222	10933	0	6	FC261130	985.17	0
13324	10934	0	6	FC261131	360	0
13319	10935	0	6	FC261132	1657.13	0
13486	10936	0	6	FC261133	181.72	0
13614	10940	0	6	FC261134	3284.8	0
13232	10941	0	6	FC261135	268.39	0
13477	10942	0	6	FC261136	431.05	0
13220	10946	0	6	FC261138	1182.36	0
13814	10947	0	6	FC261139	799.95	0
13590	10948	0	6	FC261140	305.07	0
13504	10949	0	6	FC261141	4006.54	0
13383	10950	0	6	FC261142	191.14	0
13243	10959	0	6	FC261145	695.55	0
13244	10962	0	6	FC261146	684.24	0
13814	10963	0	6	FC261147	2332.8	0
13399	10964	0	6	FC261148	6684.77	0
13832	10966	0	6	FC261149	1201.48	0
13382	10967	0	6	FC261150	1148.02	0
13245	10970	0	6	FC261152	295.4	0
13246	10971	0	6	FC261153	646.32	0
13398	10972	0	6	FC261154	4001.28	0
13506	10973	0	6	FC261155	3563.79	0
13322	10977	0	6	FC261156	1647.14	0
13389	10978	0	6	FC261157	2654.84	0
13441	10979	0	6	FC261158	619.62	0
13247	10980	0	6	FC261159	439.95	0
13322	10982	0	6	FC261160	396.97	0
13248	10983	0	6	FC261161	946.71	0
13487	10985	0	6	FC261162	595.32	0
13647	10986	0	6	FC261163	1702.16	0
13443	10987	0	6	FC261164	310.92	0
13249	10988	0	6	FC261165	490	0
13382	10989	0	6	FC261166	754.14	0
13398	10990	0	6	FC261167	5391.6	0
13814	10991	0	6	FC261168	3240	0
13814	10992	0	6	FC261169	463.7	0
13351	10994	0	6	FC261170	2056.29	0
13414	10995	0	6	FC261171	2258.36	0
13415	10996	0	6	FC261172	2778.77	0
13250	10998	0	6	FC261173	232.92	0
13627	10999	0	6	FC261174	734.83	0
13264	11001	0	6	FC261175	845.11	0
13241	11003	0	6	FC261176	2079.54	0
13265	11005	0	6	FC261177	885.75	0
13266	11008	0	6	FC261178	701.95	0
13707	11012	0	6	FC261180	2610.02	0
13849	11013	0	6	FC261181	596.15	0
13365	11016	0	6	FC261182	1958.89	0
13505	11020	0	6	FC261184	1755.36	0
13251	11021	0	6	FC261185	1652.14	0
13362	11022	0	6	FC261186	907.5	0
13627	11023	0	6	FC261187	5641.34	0
13321	11024	0	6	FC261188	1628.8	0
13252	11026	0	6	FC261189	2600	0
13814	11027	0	6	FC261190	2319.28	0
13614	11028	0	6	FC261191	877.68	0
13391	11029	0	6	FC261192	923.83	0
13507	11030	0	6	FC261193	1159.8	0
13675	11034	0	6	FC261195	2587.71	0
13267	11039	0	6	FC261197	294	0
13407	11042	0	6	FC261198	1624.27	0
13411	11045	0	6	FC261200	1239	0
13814	11046	0	6	FC261201	449.28	0
13268	11047	0	6	FC261202	1791.76	0
13621	11049	0	6	FC261204	1302.63	0
13345	11051	0	6	FC261206	175.8	0
13480	11052	0	6	FC261207	498.08	0
13522	11053	0	6	FC261208	2820.29	0
13480	11054	0	6	FC261209	192.13	0
13587	11055	0	6	FC261210	788.01	0
13979	11058	0	6	FC261211	3276.76	0
13262	11064	0	6	FC261214	1004.16	0
13594	11067	0	6	FC261215	2374.65	0
13917	11068	0	6	FC261216	768.67	0
13306	11071	0	6	FC261217	549.79	0
13298	11073	0	6	FC261218	1582.67	0
13397	11079	0	6	FC261222	1684.13	0
13668	11080	0	6	FC261223	608.93	0
13499	11082	0	6	FC261224	980.64	0
13307	11088	0	6	FC261226	770.57	0
13475	11089	0	6	FC261227	390.1	0
13672	11090	0	6	FC261228	459.22	0
13472	11091	0	6	FC261229	480.29	0
13269	11093	0	6	FC261230	1205	0
13397	11095	0	6	FC261231	1276.99	0
13474	11096	0	6	FC261232	479.64	0
13473	11098	0	6	FC261234	380.52	0
13299	11099	0	6	FC261235	997.72	0
13364	11100	0	6	FC261236	960	0
13410	11102	0	6	FC261237	1905.57	0
13674	11103	0	6	FC261238	606.7	0
13570	11104	0	6	FC261239	3396.12	0
13646	11105	0	6	FC261240	900	0
13270	11106	0	6	FC261241	3323.32	0
13297	11107	0	6	FC261242	752.86	0
13272	11112	0	6	FC261245	723.42	0
13780	11113	0	6	FC261246	576.13	0
13313	11117	0	6	FC261247	615.04	0
13273	11119	0	6	FC261248	1175.69	0
13521	11120	0	6	FC261249	2173.56	0
13314	11128	0	6	FC261252	1373.4	0
13476	11130	0	6	FC261253	346.08	0
13500	11135	0	6	FC261256	374.14	0
13917	11139	0	6	FC261260	764.54	0
13646	11140	0	6	FC261261	630	0
13991	11141	0	6	FC261262	1356.56	0
13646	11144	0	6	FC261265	315.65	0
13758	11146	0	6	FC261266	1813.2	0
13317	11148	0	6	FC261267	1134.77	0
13328	11149	0	6	FC261268	675.68	0
13991	11151	0	6	FC261269	863.26	0
13832	11153	0	6	FC261270	829.55	0
13965	11155	0	6	FC261271	1600.56	0
13479	11156	0	6	FC261272	826.5	0
13643	11157	0	6	FC261273	748.13	0
13839	11158	0	6	FC261274	1927.12	0
13643	11160	0	6	FC261276	272.16	0
13974	11161	0	6	FC261277	1127.29	0
13839	11162	0	6	FC261278	634.15	0
13646	11163	0	6	FC261279	292.56	0
13670	11164	0	6	FC261280	974.8	0
13401	11168	0	6	FC261283	1617.3	0
13329	11172	0	6	FC261284	167.33	0
13832	11173	0	6	FC261285	486.56	0
13500	11176	0	6	FC261286	4907.5	0
13979	11179	0	6	FC261287	696.82	0
13461	11183	0	6	FC261289	770.7	0
13396	11186	0	6	FC261291	3405.84	0
13416	11187	0	6	FC261292	570	0
13315	11188	0	6	FC261293	10504.9	0
13330	11192	0	6	FC261295	258.78	0
13396	11194	0	6	FC261297	1140	0
13564	11195	0	6	FC261298	7461.41	0
13512	11196	0	6	FC261299	3260.5	0
13478	11197	0	6	FC261300	232.92	0
13316	11198	0	6	FC261301	4911.56	0
13415	11204	0	6	FC261302	888.38	0
13512	11208	0	6	FC261304	1944	0
13409	11209	0	6	FC261305	1097.11	0
13965	11210	0	6	FC261306	604.76	0
13512	11213	0	6	FC261307	3315.22	0
13646	11214	0	6	FC261308	2520	0
13468	11216	0	6	FC261309	1059.49	0
13331	11219	0	6	FC261312	1672.1	0
13839	11221	0	6	FC261313	1145.16	0
13396	11222	0	6	FC261314	349.28	0
13839	11223	0	6	FC261315	332.26	0
13340	11228	0	6	FC261317	215.82	0
13511	11233	0	6	FC261318	10993.43	0
13832	11234	0	6	FC261319	16900	0
13637	11236	0	6	FC261320	148.9	0
13832	11237	0	6	FC261321	1601.6	0
13512	11238	0	6	FC261322	175.8	0
13903	11240	0	6	FC261324	495.07	0
13463	11241	0	6	FC261325	2861.27	0
13637	11242	0	6	FC261326	148.9	0
13917	11243	0	6	FC261327	621.79	0
13512	11246	0	6	FC261328	4536	0
13979	11249	0	6	FC261329	586.44	0
13467	11250	0	6	FC261330	633.88	0
13642	11253	0	6	FC261332	1095.1	0
13966	11257	0	6	FC261334	870.41	0
13333	11259	0	6	FC261336	2652.97	0
13512	11260	0	6	FC261337	265.07	0
13503	11261	0	6	FC261338	2424.46	0
13332	11265	0	6	FC261340	2752	0
13333	11267	0	6	FC261341	309.62	0
13464	11269	0	6	FC261342	1513.8	0
13917	11274	0	6	FC261344	3474.72	0
13857	11275	0	6	FC261345	1069.58	0
13523	11278	0	6	FC261346	657.44	0
13857	11279	0	6	FC261347	1014	0
13671	11284	0	6	FC261349	879.45	0
13511	11285	0	6	FC261350	1030.32	0
13671	11297	0	6	FC261353	454.02	0
13341	11290	0	6	FC261354	948.32	0
13646	11291	0	6	FC261355	2173.68	0
13462	11292	0	6	FC261356	805.51	0
13458	11294	0	6	FC261358	711.7	0
13568	11296	0	6	FC261359	869.41	0
13368	11298	0	6	FC261360	240.32	0
13366	11299	0	6	FC261361	295.17	0
13501	11302	0	6	FC261363	2243.16	0
13759	11303	0	6	FC261364	1893.65	0
13501	11304	0	6	FC261365	2400	0
13367	11307	0	6	FC261367	166.1	0
13348	11309	0	6	FC261368	307.12	0
13457	11310	0	6	FC261369	1473.65	0
13965	11311	0	6	FC261370	234.58	0
13683	11318	0	6	FC261372	533.94	0
13347	11319	0	6	FC261373	3400	0
13965	11321	0	6	FC261374	1509.77	0
13683	11322	0	6	FC261375	74.16	0
13857	11323	0	6	FC261376	845.11	0
13459	11327	0	6	FC261377	5359.81	0
13459	11328	0	6	FC261378	3200	0
13460	11329	0	6	FC261379	9600	0
13372	11334	0	6	FC261380	976.98	0
13516	11336	0	6	FC261381	3409.22	0
13516	11337	0	6	FC261382	1350	0
13511	11339	0	6	FC261383	836.87	0
13363	11342	0	6	FC261384	1097.46	0
13369	11343	0	6	FC261385	3026.66	0
13370	11346	0	6	FC261386	1017.7	0
13466	11347	0	6	FC261387	4232.82	0
13640	11348	0	6	FC261388	650.07	0
13511	11350	0	6	FC261389	9663.12	0
13371	11351	0	6	FC261390	1831.08	0
13386	11355	0	6	FC261393	127.48	0
13502	11357	0	6	FC261395	1393.58	0
13519	11358	0	6	FC261396	3086	0
13779	11361	0	6	FC261399	5510.48	0
13669	11363	0	6	FC261400	1644.1	0
13586	11366	0	6	FC261402	1149.51	0
13646	11367	0	6	FC261403	70.32	0
13513	11369	0	6	FC261404	695.34	0
13979	11372	0	6	FC261405	2050.35	0
13646	11374	0	6	FC261406	381.67	0
13673	11375	0	6	FC261407	2550	0
13673	11377	0	6	FC261408	2058.22	0
13384	11384	0	6	FC261411	5798.8	0
13832	11385	0	6	FC261412	68.71	0
13502	11387	0	6	FC261413	1350	0
13387	11390	0	6	FC261415	375.96	0
13373	11393	0	6	FC261417	820.96	0
13502	11396	0	6	FC261418	695.56	0
13517	11397	0	6	FC261419	3443.66	0
13388	11398	0	6	FC261420	912.85	0
13673	11399	0	6	FC261421	209.93	0
13376	11400	0	6	FC261422	1795.05	0
13910	11402	0	6	FC261423	12474.72	0
13455	11403	0	6	FC261424	4502.98	0
13375	11406	0	6	FC261425	1764	0
13979	11407	0	6	FC261426	697.82	0
13465	11408	0	6	FC261427	1617.3	0
13524	11409	0	6	FC261428	780.77	0
13514	11412	0	6	FC261430	4578.9	0
13857	11415	0	6	FC261431	977.26	0
13377	11417	0	6	FC261432	377.21	0
13518	11418	0	6	FC261433	139.13	0
13378	11421	0	6	FC261434	2278.5	0
13402	11423	0	6	FC261435	97.02	0
13406	11426	0	6	FC261436	814.63	0
13517	11427	0	6	FC261437	590.64	0
13565	11428	0	6	FC261438	5187.05	0
13677	11429	0	6	FC261439	1005.68	0
13677	11431	0	6	FC261440	332.19	0
13517	11435	0	6	FC261443	2922.24	0
13708	11436	0	6	FC261444	295.34	0
13723	11438	0	6	FC261446	3075.36	0
13515	11439	0	6	FC261447	1459.69	0
13405	11440	0	6	FC261448	215.06	0
13517	11441	0	6	FC261449	963.21	0
13683	11442	0	6	FC261450	1186.38	0
13403	11443	0	6	FC261451	211.76	0
13384	11444	0	6	FC261452	1743	0
13404	11445	0	6	FC261453	828.23	0
13573	11447	0	6	FC261454	782.92	0
13683	11448	0	6	FC261455	261.16	0
13584	11452	0	6	FC261458	1129.24	0
13643	11455	0	6	FC261460	409.2	0
13643	11456	0	6	FC261461	148.9	0
13839	11458	0	6	FC261462	3191.16	0
13569	11460	0	6	FC261463	2800.19	0
13428	11465	0	6	FC261465	546.82	0
13425	11467	0	6	FC261466	524.17	0
13965	11472	0	6	FC261469	1169.24	0
13509	11476	0	6	FC261471	573.7	0
13903	11481	0	6	FC261472	696.21	0
13426	11483	0	6	FC261473	1656.02	0
13678	11484	0	6	FC261474	1543.85	0
13698	11485	0	6	FC261475	3710.52	0
13427	11491	0	6	FC261478	207.02	0
13510	11496	0	6	FC261482	707.23	0
13585	11497	0	6	FC261483	1809.33	0
13632	11498	0	6	FC261484	4268.16	0
13641	11500	0	6	FC261485	2026.92	0
13454	11501	0	6	FC261486	355.51	0
13520	11502	0	6	FC261487	2264.24	0
13857	11504	0	6	FC261489	421.94	0
13448	11508	0	6	FC261490	261.95	0
13449	11509	0	6	FC261491	1466.04	0
13598	11510	0	6	FC261492	2475	0
13450	11514	0	6	FC261493	546	0
13508	11515	0	6	FC261494	1798.16	0
13634	11517	0	6	FC261496	1550.01	0
13451	11518	0	6	FC261497	281.93	0
13635	11521	0	6	FC261500	0.01	0
13634	11521	0	6	FC261500	2699.99	0
13625	11532	0	6	FC261505	1568.66	0
13979	11533	0	6	FC261506	4162.45	0
13452	11534	0	6	FC261507	589.83	0
13643	11535	0	6	FC261508	1252.51	0
13442	11537	0	6	FC261509	1878.59	0
13760	11541	0	6	FC261513	551.12	0
13708	11542	0	6	FC261514	86.4	0
13577	11544	0	6	FC261515	138	0
13518	11545	0	6	FC261516	163.03	0
13577	11546	0	6	FC261517	1047.85	0
13571	11550	0	6	FC261519	3152.18	0
13903	11551	0	6	FC261520	789.73	0
13570	11552	0	6	FC261521	1102.28	0
13571	11554	0	6	FC261522	281.93	0
13571	11555	0	6	FC261523	172.88	0
13488	11558	0	6	FC261525	468.47	0
13489	11580	0	6	FC261526	280.73	0
13445	11562	0	6	FC261527	5168.8	0
13484	11566	0	6	FC261530	486.07	0
13761	11567	0	6	FC261531	104.4	0
13566	11571	0	6	FC261532	2687.17	0
13490	11573	0	6	FC261533	516.04	0
13549	11577	0	6	FC261535	1282.41	0
13599	11578	0	6	FC261536	4030.86	0
13567	11581	0	6	FC261537	370.03	0
13510	11582	0	6	FC261538	1400.21	0
13840	11584	0	6	FC261540	3969.73	0
13569	11588	0	6	FC261542	2527.93	0
13491	11590	0	6	FC261544	198.79	0
13572	11591	0	6	FC261545	1993.83	0
13954	11593	0	6	FC261546	642.19	0
13444	11597	0	6	FC261549	835.85	0
13874	11599	0	6	FC261550	2769.84	0
13492	11601	0	6	FC261552	100.28	0
13688	11602	0	6	FC261553	1108.14	0
13446	11606	0	6	FC261556	1976	0
13447	11606	0	6	FC261556	0.1	0
13780	11608	0	6	FC261557	243	0
13917	11614	0	6	FC261558	1615.44	0
13979	11615	0	6	FC261559	4435.36	0
13903	11616	0	6	FC261560	631.59	0
13494	11618	0	6	FC261561	179.4	0
13495	11621	0	6	FC261562	173.81	0
13569	11622	0	6	FC261563	585.12	0
13832	11626	0	6	FC261566	302.86	0
13497	11628	0	6	FC261568	216	0
13974	11630	0	6	FC261570	471.82	0
13706	11631	0	6	FC261571	2386.27	0
13575	11632	0	6	FC261572	3696.91	0
13578	11633	0	6	FC261573	1184.9	0
13631	11635	0	6	FC261574	608.5	0
13679	11636	0	6	FC261575	1669.39	0
13708	11639	0	6	FC261578	118.87	0
13496	11642	0	6	FC261579	307.22	0
13525	11644	0	6	FC261580	1059.09	0
13526	11645	0	6	FC261581	1048.69	0
13683	11646	0	6	FC261582	658.8	0
13762	11647	0	6	FC261583	551.12	0
13528	11648	0	6	FC261584	184.21	0
13676	11655	0	6	FC261587	539.92	0
13903	11656	0	6	FC261588	601.39	0
13705	11659	0	6	FC261590	2102.16	0
13771	11661	0	6	FC261591	3856.41	0
13527	11665	0	6	FC261594	125.27	0
13690	11666	0	6	FC261595	451.56	0
13708	11668	0	6	FC261596	3407.76	0
13530	11672	0	6	FC261597	2152.57	0
13629	11673	0	6	FC261598	3297.77	0
13531	11685	0	6	FC261601	806.52	0
13979	11687	0	6	FC261602	130.39	0
13534	11691	0	6	FC261603	1106.27	0
13832	11692	0	6	FC261604	90.3	0
13533	11697	0	6	FC261606	4384.28	0
13535	11698	0	6	FC261607	1081.98	0
13979	11699	0	6	FC261608	2623.4	0
13537	11703	0	6	FC261609	570.07	0
13744	11704	0	6	FC261610	2537.38	0
13745	11704	0	6	FC261610	0.51	0
13702	11708	0	6	FC261614	2018.26	0
13631	11714	0	6	FC261615	1755.24	0
13704	11715	0	6	FC261616	735.12	0
13576	11716	0	6	FC261617	1696.04	0
13838	11718	0	6	FC261619	3100.57	0
13538	11721	0	6	FC261620	635.15	0
13539	11722	0	6	FC261621	106.88	0
13540	11724	0	6	FC261623	192.97	0
13576	11726	0	6	FC261624	461.93	0
13838	11734	0	6	FC261628	4296	0
13561	11738	0	6	FC261629	1434.74	0
13917	11740	0	6	FC261631	1617.65	0
13857	11742	0	6	FC261632	4457.13	0
13689	11746	0	6	FC261633	746.81	0
13857	11744	0	6	FC261634	604.99	0
13541	11752	0	6	FC261640	519.04	0
13593	11756	0	6	FC261643	3196.75	0
13544	11766	0	6	FC261645	382.27	0
13699	11769	0	6	FC261647	2556.35	0
13559	11770	0	6	FC261648	327.02	0
13542	11773	0	6	FC261650	204.74	0
13955	11776	0	6	FC261651	1064.22	0
13543	11778	0	6	FC261652	378.52	0
13545	11781	0	6	FC261655	290.47	0
13689	11782	0	6	FC261656	417.38	0
13903	11786	0	6	FC261658	1275.69	0
13546	11785	0	6	FC261659	480.53	0
13840	11788	0	6	FC261660	69.56	0
13628	11789	0	6	FC261661	726.62	0
13840	11790	0	6	FC261662	1197.29	0
13550	11792	0	6	FC261664	1434.24	0
13580	11795	0	6	FC261665	1085.4	0
13551	11797	0	6	FC261666	253.71	0
13556	11804	0	6	FC261668	571.85	0
13560	11805	0	6	FC261669	1174.76	0
13763	11807	0	6	FC261670	773.94	0
13701	11812	0	6	FC261674	4282.39	0
13686	11814	0	6	FC261676	6751.14	0
13979	11820	0	6	FC261678	2902.8	0
13552	11822	0	6	FC261679	4131.05	0
13700	11826	0	6	FC261680	1649.12	0
13553	11828	0	6	FC261682	1305.32	0
13680	11829	0	6	FC261683	360	0
13770	11830	0	6	FC261684	9277.1	0
13554	11833	0	6	FC261685	1126.8	0
13555	11838	0	6	FC261686	167.33	0
13979	11843	0	6	FC261687	561.46	0
13708	11853	0	6	FC261690	375.22	0
13548	11850	0	6	FC261691	940.34	0
13979	11854	0	6	FC261694	58.32	0
13643	11861	0	6	FC261698	1296.25	0
13643	11866	0	6	FC261701	487.68	0
13581	11868	0	6	FC261702	852.44	0
13696	11869	0	6	FC261703	3106.44	0
13630	11871	0	6	FC261705	3122.4	0
13793	11873	0	6	FC261707	2026.2	0
13768	11876	0	6	FC261708	635.4	0
13769	11877	0	6	FC261709	919.67	0
13842	11879	0	6	FC261711	2282.14	0
13683	11881	0	6	FC261713	692.3	0
13842	11885	0	6	FC261714	3497.26	0
13696	11886	0	6	FC261715	4969.44	0
13547	11887	0	6	FC261716	4296	0
13842	11888	0	6	FC261717	399.29	0
13683	11890	0	6	FC261719	222	0
13769	11892	0	6	FC261721	412.18	0
13842	11894	0	6	FC261723	1399.36	0
13952	11895	0	6	FC261724	296.65	0
13800	11899	0	6	FC261726	1666.98	0
13953	11904	0	6	FC261729	1746.79	0
13646	11905	0	6	FC261730	649.64	0
13693	11907	0	6	FC261731	1189.71	0
13557	11909	0	6	FC261732	383.29	0
13694	11910	0	6	FC261733	688.15	0
13703	11911	0	6	FC261734	112.32	0
13687	11913	0	6	FC261736	2359.08	0
13558	11916	0	6	FC261737	446.94	0
13764	11920	0	6	FC261738	353.89	0
13979	11921	0	6	FC261739	3443.29	0
13772	11923	0	6	FC261740	913.78	0
13903	11925	0	6	FC261742	691.02	0
13548	11927	0	6	FC261744	1140.77	0
13776	11928	0	6	FC261745	806.52	0
13857	11929	0	6	FC261746	2064.82	0
13841	11930	0	6	FC261747	3297.77	0
13600	11931	0	6	FC261748	3118.28	0
13857	11937	0	6	FC261750	3487.8	0
13765	11938	0	6	FC261751	551.12	0
13766	11939	0	6	FC261752	282.94	0
13708	11942	0	6	FC261754	1183.14	0
13687	11943	0	6	FC261755	1037.3	0
13772	11944	0	6	FC261756	387.17	0
13681	11945	0	6	FC261757	314.1	0
13806	11948	0	6	FC261759	1099.43	0
13770	11949	0	6	FC261760	3189.2	0
13917	11950	0	6	FC261761	489.91	0
13687	11951	0	6	FC261762	1727.98	0
13668	11952	0	6	FC261763	1049.66	0
13797	11954	0	6	FC261764	4442.65	0
13633	11956	0	6	FC261765	1887.03	0
13709	11957	0	6	FC261766	3723.3	0
13915	11961	0	6	FC261768	305.67	0
13807	11962	0	6	FC261769	310.8	0
13620	11963	0	6	FC261770	1022.27	0
13841	11964	0	6	FC261771	4984.1	0
13790	11965	0	6	FC261772	3513.28	0
13582	11966	0	6	FC261773	281.57	0
13636	11967	0	6	FC261774	1792.99	0
13636	11968	0	6	FC261775	1200	0
13691	11969	0	6	FC261776	2829.84	0
13795	11971	0	6	FC261778	2023.24	0
13583	11972	0	6	FC261779	74.58	0
13979	11978	0	6	FC261781	704.99	0
13692	11979	0	6	FC261782	4838.77	0
13801	11981	0	6	FC261784	858.06	0
13767	11983	0	6	FC261786	461.93	0
13802	11984	0	6	FC261787	279.81	0
13604	11985	0	6	FC261788	131	0
13703	11993	0	6	FC261792	1307.58	0
13695	11994	0	6	FC261793	2428.54	0
13608	11996	0	6	FC261794	2354.35	0
13597	11997	0	6	FC261795	1483.2	0
13605	12002	0	6	FC261797	1339.78	0
13606	12005	0	6	FC261799	307.22	0
13895	12007	0	6	FC261800	1819.06	0
13607	12008	0	6	FC261801	667.16	0
13684	12010	0	6	FC261803	559.13	0
13793	12012	0	6	FC261804	703.58	0
13914	12012	0	6	FC261804	0.4	0
13624	12013	0	6	FC261805	1470.89	0
13697	12014	0	6	FC261806	2223.43	0
13624	12015	0	6	FC261807	392.41	0
13790	12016	0	6	FC261808	2368.79	0
13805	12017	0	6	FC261809	243.58	0
13951	12018	0	6	FC261810	1987.12	0
13804	12020	0	6	FC261812	1157.15	0
13708	12021	0	6	FC261813	1148.02	0
13610	12032	0	6	FC261818	634.74	0
13773	12037	0	6	FC261820	5226.57	0
13601	12039	0	6	FC261822	545.48	0
13978	12042	0	6	FC261825	926.11	0
13685	12044	0	6	FC261826	1512	0
13950	12045	0	6	FC261827	1370.04	0
13912	12050	0	6	FC261831	2779.86	0
13733	12052	0	6	FC261833	1963.15	0
13611	12055	0	6	FC261836	159.99	0
13612	12058	0	6	FC261838	95.1	0
13732	12060	0	6	FC261840	1756.39	0
13613	12064	0	6	FC261842	444.94	0
13648	12066	0	6	FC261844	6010.2	0
13976	12068	0	6	FC261845	2051.66	0
13650	12070	0	6	FC261847	434.13	0
13790	12071	0	6	FC261848	1099.06	0
13913	12076	0	6	FC261852	2305.54	0
13808	12080	0	6	FC261856	647.78	0
13909	12082	0	6	FC261858	722.81	0
13775	12087	0	6	FC261861	1707.07	0
13617	12093	0	6	FC261864	307.61	0
13775	12098	0	6	FC261867	1299.79	0
13619	12099	0	6	FC261868	563.86	0
13845	12102	0	6	FC261871	3064.06	0
13618	12107	0	6	FC261874	63.42	0
13990	12109	0	6	FC261875	900.1	0
13778	12126	0	6	FC261880	3871.3	0
13794	12128	0	6	FC261881	547.02	0
13794	12131	0	6	FC261883	606.6	0
13949	12133	0	6	FC261885	756.23	0
13853	12136	0	6	FC261886	1113.71	0
13651	12140	0	6	FC261889	4450.87	0
13774	12141	0	6	FC261890	1900	0
13843	12142	0	6	FC261891	1900	0
13826	12143	0	6	FC261892	1900	0
13845	12144	0	6	FC261893	3800	0
13652	12145	0	6	FC261894	1364.92	0
13949	12146	0	6	FC261895	1900	0
13653	12148	0	6	FC261896	782.26	0
13654	12149	0	6	FC261897	596.23	0
13644	12156	0	6	FC261900	1501.25	0
13891	12159	0	6	FC261903	2073.23	0
13738	12161	0	6	FC261905	7490.4	0
13620	12166	0	6	FC261907	1900	0
13720	12170	0	6	FC261910	771.89	0
13911	12171	0	6	FC261911	480	0
13910	12173	0	6	FC261912	1811.2	0
13655	12175	0	6	FC261913	222.97	0
13809	12180	0	6	FC261915	1592.77	0
13777	12181	0	6	FC261916	3721.24	0
13656	12183	0	6	FC261918	222.97	0
13731	12186	0	6	FC261919	1374.82	0
13731	12190	0	6	FC261921	1485.4	0
13794	12191	0	6	FC261922	886.74	0
13657	12192	0	6	FC261923	2531.54	0
13794	12193	0	6	FC261924	1075.32	0
13794	12194	0	6	FC261925	312	0
13794	12195	0	6	FC261926	1235.08	0
13722	12196	0	6	FC261927	3585.77	0
13658	12197	0	6	FC261928	115.4	0
13734	12199	0	6	FC261929	1195.96	0
13659	12201	0	6	FC261930	453.6	0
13892	12205	0	6	FC261932	951.85	0
13854	12207	0	6	FC261934	2820.23	0
13909	12209	0	6	FC261935	419.43	0
13660	12213	0	6	FC261937	292.18	0
13661	12218	0	6	FC261939	646.42	0
13662	12220	0	6	FC261940	320	0
13883	12221	0	6	FC261941	1179.54	0
13663	12223	0	6	FC261942	648.42	0
13666	12224	0	6	FC261943	68.71	0
13664	12225	0	6	FC261944	258.36	0
13665	12227	0	6	FC261945	518.4	0
13681	12229	0	6	FC261946	773.02	0
13712	12228	0	6	FC261948	3463.6	0
13742	12234	0	6	FC261950	1704.83	0
13649	12236	0	6	FC261952	751.35	0
13835	12246	0	6	FC261959	3002.16	0
13741	12253	0	6	FC261963	3958.73	0
13852	12254	0	6	FC261964	1900	0
13852	12255	0	6	FC261965	619.24	0
13885	12256	0	6	FC261966	4511.44	0
13886	12256	0	6	FC261966	5500	0
13887	12256	0	6	FC261966	2202.23	0
13887	12258	0	6	FC261968	3297.77	0
13847	12263	0	6	FC261971	381.07	0
13667	12265	0	6	FC261973	971.14	0
13835	12266	0	6	FC261974	287.53	0
13713	12274	0	6	FC261977	1893.64	0
13714	12276	0	6	FC261978	607.22	0
13715	12282	0	6	FC261981	369.17	0
13893	12285	0	6	FC261983	633.88	0
13716	12287	0	6	FC261985	988.85	0
13717	12292	0	6	FC261988	307.61	0
13718	12294	0	6	FC261989	844.71	0
13825	12298	0	6	FC261991	1635.09	0
13821	12304	0	6	FC261994	7877.74	0
13740	12305	0	6	FC261995	947.26	0
13948	12307	0	6	FC261996	1350	0
13876	12309	0	6	FC261998	1350	0
13846	12310	0	6	FC261999	1350	0
13876	12311	0	6	FC262000	860.92	0
13812	12315	0	6	FC262002	1350	0
13855	12317	0	6	FC262004	2700	0
13888	12323	0	6	FC262005	2874.45	0
13904	12327	0	6	FC262009	2320.08	0
13848	12328	0	6	FC262010	2700	0
13844	12330	0	6	FC262012	3740	0
13719	12331	0	6	FC262013	1539.72	0
13724	12338	0	6	FC262014	2251.9	0
13725	12339	0	6	FC262015	358.34	0
13710	12341	0	6	FC262016	1376.47	0
13735	12343	0	6	FC262018	3250	0
13837	12344	0	6	FC262019	1350	0
13822	12345	0	6	FC262020	1350	0
13791	12346	0	6	FC262021	1900	0
13905	12347	0	6	FC262022	1900	0
13721	12348	0	6	FC262023	1004.17	0
13726	12351	0	6	FC262024	176.37	0
13894	12353	0	6	FC262026	1350	0
13796	12358	0	6	FC262031	607.2	0
13878	12359	0	6	FC262032	1886.64	0
13827	12360	0	6	FC262033	720.53	0
13821	12363	0	6	FC262035	1294.44	0
13884	12365	0	6	FC262037	4522.18	0
13736	12366	0	6	FC262038	2066.43	0
13846	12367	0	6	FC262039	5474.64	0
13824	12368	0	6	FC262040	1118.29	0
13798	12371	0	6	FC262043	2460	0
13883	12372	0	6	FC262044	999.3	0
13727	12376	0	6	FC262047	563.13	0
13792	12380	0	6	FC262050	1797.99	0
13884	12382	0	6	FC262052	1933.74	0
13834	12385	0	6	FC262053	1627.11	0
13836	12386	0	6	FC262054	567.72	0
13883	12389	0	6	FC262057	620.1	0
13813	12392	0	6	FC262058	1455.25	0
13847	12393	0	6	FC262059	2580.96	0
13728	12396	0	6	FC262060	1681.76	0
13746	12400	0	6	FC262061	598.75	0
13747	12403	0	6	FC262064	232.15	0
13748	12407	0	6	FC262066	69.69	0
13749	12412	0	6	FC262069	854.96	0
13883	12415	0	6	FC262070	4331.93	0
13729	12424	0	6	FC262074	542.3	0
13823	12425	0	6	FC262075	219.99	0
13750	12427	0	6	FC262077	58.89	0
13811	12442	0	6	FC262084	402.15	0
13947	12444	0	6	FC262085	634.99	0
13735	12446	0	6	FC262087	7207.93	0
13881	12452	0	6	FC262089	297.9	0
13911	12452	0	6	FC262089	755.08	0
14000	12454	0	6	FC262091	2208	0
13970	12459	0	6	FC262092	1000	0
13737	12462	0	6	FC262094	717.12	0
13855	12465	0	6	FC262095	6800	0
13855	12466	0	6	FC262096	2389.03	0
13810	12467	0	6	FC262097	3441.67	0
13751	12478	0	6	FC262102	2555.64	0
13752	12480	0	6	FC262103	1001.3	0
13906	12482	0	6	FC262105	5875.09	0
13879	12483	0	6	FC262106	4062	0
13753	12485	0	6	FC262108	304.19	0
13743	12489	0	6	FC262111	436.2	0
13946	12494	0	6	FC262115	639.54	0
13880	12501	0	6	FC262119	4272.26	0
13754	12506	0	6	FC262122	160.68	0
13755	12507	0	6	FC262123	200.3	0
13757	12510	0	6	FC262125	1028.69	0
13756	12511	0	6	FC262126	438.85	0
13784	12513	0	6	FC262127	333.43	0
13970	12525	0	6	FC262130	5203.38	0
13896	12542	0	6	FC262131	621.84	0
13995	12539	0	6	FC262137	1441.23	0
13995	12555	0	6	FC262141	471.82	0
13994	12547	0	6	FC262142	1326.91	0
13781	12552	0	6	FC262145	3799.75	0
13851	12554	0	6	FC262146	385.58	0
13970	12560	0	6	FC262149	1278.48	0
13782	12574	0	6	FC262153	634.88	0
13783	12574	0	6	FC262153	0.01	0
13785	12584	0	6	FC262157	750.57	0
13787	12589	0	6	FC262160	469.3	0
13967	12590	0	6	FC262161	1992	0
13969	12593	0	6	FC262164	2150.64	0
13969	12599	0	6	FC262167	2722.05	0
13915	12613	0	6	FC262173	4350	0
13907	12614	0	6	FC262174	1143.9	0
13786	12619	0	6	FC262178	104.4	0
13933	12626	0	6	FC262183	1837.44	0
13874	12627	0	6	FC262184	225.78	0
13972	12632	0	6	FC262186	1177.02	0
13889	12634	0	6	FC262188	1025.69	0
13908	12636	0	6	FC262190	815.88	0
13897	12651	0	6	FC262202	640.63	0
13789	12653	0	6	FC262203	857.09	0
13788	12654	0	6	FC262204	1924.74	0
13988	12661	0	6	FC262207	1330.33	0
13875	12666	0	6	FC262212	1173.9	0
13889	12670	0	6	FC262214	681.6	0
13969	12683	0	6	FC262220	3899.5	0
13831	12687	0	6	FC262222	235.82	0
13819	12694	0	6	FC262227	731.85	0
13987	12696	0	6	FC262228	7450.28	0
13969	12705	0	6	FC262233	1350	0
13993	12709	0	6	FC262237	3353.4	0
13877	12710	0	6	FC262238	392.11	0
13816	12714	0	6	FC262240	756.34	0
13934	12716	0	6	FC262242	608.69	0
13971	12717	0	6	FC262243	887.91	0
13985	12718	0	6	FC262244	796.22	0
13997	12720	0	6	FC262246	765.05	0
13916	12726	0	6	FC262250	3572.58	0
13877	12728	0	6	FC262252	940.86	0
13984	12734	0	6	FC262256	465.38	0
13890	12736	0	6	FC262258	1573.92	0
13931	12737	0	6	FC262259	340.8	0
13829	12738	0	6	FC262260	258.05	0
13986	12741	0	6	FC262261	840.5	0
13969	12742	0	6	FC262262	2250	0
13975	12745	0	6	FC262265	1267.18	0
13928	12747	0	6	FC262267	816.75	0
13830	12753	0	6	FC262268	4623.78	0
13868	12756	0	6	FC262269	4005.22	0
13859	12766	0	6	FC262273	621.49	0
13860	12774	0	6	FC262281	1977.36	0
13861	12776	0	6	FC262282	1608.2	0
13862	12778	0	6	FC262283	220.48	0
13863	12783	0	6	FC262286	91	0
13864	12787	0	6	FC262289	212.27	0
13927	12788	0	6	FC262290	1788.14	0
13865	12789	0	6	FC262291	137.48	0
13869	12794	0	6	FC262294	641.01	0
13992	12798	0	6	FC262296	2233.36	0
13929	12799	0	6	FC262297	791.22	0
13866	12800	0	6	FC262298	526.11	0
13992	12804	0	6	FC262300	415.8	0
13930	12807	0	6	FC262303	16009.2	0
13867	12812	0	6	FC262307	160.68	0
13870	12814	0	6	FC262309	563.4	0
13872	12816	0	6	FC262310	2400	0
13989	12822	0	6	FC262312	5982.91	0
13871	12830	0	6	FC262316	2522.06	0
13850	12834	0	6	FC262319	2573.48	0
13996	12843	0	6	FC262325	2901.99	0
13898	12845	0	6	FC262327	626.69	0
13858	12854	0	6	FC262336	821.2	0
14002	12878	0	6	FC262349	1030.81	0
13932	12881	0	6	FC262351	2002.91	0
13899	12883	0	6	FC262353	1137.39	0
13901	12890	0	6	FC262357	1408.49	0
13900	12895	0	6	FC262361	78.55	0
13902	12900	0	6	FC262363	219.6	0
13873	12903	0	6	FC262366	3044.5	0
13999	12906	0	6	FC262369	2400	0
14001	12919	0	6	FC262380	2618.44	0
13966	12929	0	6	FC262389	1101.65	0
13882	12931	0	6	FC262391	979.57	0
13918	12953	0	6	FC262404	1624.77	0
13924	12961	0	6	FC262411	231.49	0
13923	12967	0	6	FC262417	201.04	0
13919	12974	0	6	FC262421	216.68	0
13920	12978	0	6	FC262424	1818.6	0
13921	12991	0	6	FC262431	1679.66	0
13922	13018	0	6	FC262448	995.83	0
13937	13031	0	6	FC262453	1008.45	0
13938	13037	0	6	FC262455	1377.41	0
13925	13041	0	6	FC262458	16485.94	0
13926	13042	0	6	FC262459	853.54	0
13939	13046	0	6	FC262462	415.63	0
13935	13051	0	6	FC262467	1335.91	0
13945	13056	0	6	FC262471	285.77	0
13940	13061	0	6	FC262474	3548.68	0
13941	13063	0	6	FC262476	146.09	0
13942	13074	0	6	FC262485	677.5	0
13943	13075	0	6	FC262486	1626.43	0
13944	13081	0	6	FC262490	1248.85	0
13956	13089	0	6	FC262494	1164.44	0
13957	13093	0	6	FC262497	344.57	0
13958	13099	0	6	FC262500	4933.67	0
13964	13100	0	6	FC262501	4251.52	0
13960	13111	0	6	FC262509	244.45	0
13959	13126	0	6	FC262518	740.01	0
13998	13134	0	6	FC262523	435.75	0
13961	13139	0	6	FC262527	463.24	0
14004	13148	0	6	FC262532	651.53	0
13962	13156	0	6	FC262535	733.93	0
14005	13164	0	6	FC262539	687.41	0
13968	13167	0	6	FC262540	1949.7	0
14004	13177	0	6	FC262546	507.42	0
14006	13212	0	6	FC262567	416.92	0
14007	13213	0	6	FC262568	91	0
13983	13214	0	6	FC262569	4230.59	0
13978	13232	0	6	FC262580	1259.02	0
14008	13234	0	6	FC262582	2181.72	0
14009	13242	0	6	FC262587	73.99	0
14003	13248	0	6	FC262591	325.55	0
13981	13271	0	6	FC262608	1423	0
14010	13273	0	6	FC262610	1202.34	0
14011	13293	0	6	FC262620	531.32	0
14017	13303	0	6	FC262628	523.8	0
14019	13323	0	6	FC262643	397.74	0
14018	13346	0	6	FC262657	995.18	0
14021	13361	0	6	FC262665	353.48	0
14022	13376	0	6	FC262672	850.26	0
14003	13379	0	6	FC262674	3581.08	0
14026	13385	0	6	FC262678	1900	0
14023	13390	0	6	FC262681	338.74	0
14024	13405	0	6	FC262690	1992.48	0
14025	13414	0	6	FC262699	288.79	0
14031	13420	0	6	FC262704	177.52	0
14027	13432	0	6	FC262710	188.21	0
14036	13447	0	6	FC262723	1411.09	0
14028	13448	0	6	FC262724	214.37	0
14030	13459	0	6	FC262732	469.3	0
14029	13463	0	6	FC262734	235.59	0
14032	13477	0	6	FC262741	657.88	0
14034	13483	0	6	FC262745	1672.94	0
14033	13489	0	6	FC262749	1219.22	0
14035	13566	0	6	FC262796	2797.2	0
13419	9175	1	16	FF26000	1684.8	0
13579	9201	1	16	FF26001	2771.66	0
13579	9202	1	16	FF26002	1453.54	0
13579	9203	1	16	FF26003	577.06	0
13579	9240	1	16	FF26004	1755.78	0
13579	9243	1	16	FF26005	514.58	0
13579	9272	1	16	FF26006	1984.56	0
13579	9275	1	16	FF26007	4272.98	0
13579	9320	1	16	FF26008	2918.09	0
13579	9367	1	16	FF26009	3220.19	0
13418	9383	1	16	FF26010	850	0
13579	9396	1	16	FF26011	1617.55	0
13420	9460	1	16	FF26012	1920	0
13579	9479	1	16	FF26013	741.02	0
13579	9480	1	16	FF26014	278.35	0
13579	9481	1	16	FF26015	591.55	0
13579	9552	1	16	FF26016	128.02	0
13417	9585	1	16	FF26017	6895.2	0
13419	9586	1	16	FF26018	475.2	0
13579	9587	1	16	FF26019	1640.02	0
13579	9611	1	16	FF26020	891.14	0
13579	9612	1	16	FF26021	537.17	0
13420	9636	1	16	FF26022	600	0
13420	9657	1	16	FF26023	780	0
13579	9660	1	16	FF26024	597.55	0
13579	9701	1	16	FF26025	1322.52	0
13422	9767	1	16	FF26026	1010.4	0
13579	9774	1	16	FF26027	935.99	0
13579	9817	1	16	FF26028	648	0
13579	9818	1	16	FF26029	162.86	0
13579	9848	1	16	FF26031	1614.31	0
13421	9859	1	16	FF26032	420	0
13579	9894	1	16	FF26034	622.3	0
13579	9899	1	16	FF26035	5109.25	0
13421	9905	1	16	FF26036	420	0
13418	9918	1	16	FF26037	350	0
13579	9923	1	16	FF26039	3514.06	0
13579	9924	1	16	FF26040	168.05	0
13421	9954	1	16	FF26041	380	0
13579	9969	1	16	FF26042	2390.21	0
13579	10015	1	16	FF26043	1322.52	0
13579	10017	1	16	FF26044	1416.05	0
14012	10097	1	16	FF26047	1100	0
14016	10147	1	16	FF26048	760	0
14014	10210	1	16	FF26050	1458	0
13818	10227	1	16	FF26054	1300	0
13817	10273	1	16	FF26055	900	0
14014	10284	1	16	FF26056	1701	0
14013	10348	1	16	FF26058	1357.2	0
14015	10403	1	16	FF26059	248.4	0
14016	10431	1	16	FF26060	600	0
14013	10618	1	16	FF26066	2691	0
14014	10743	1	16	FF26072	216	0
14014	10764	1	16	FF26073	216	0
14016	10812	1	16	FF26076	300	0
14016	10860	1	16	FF26080	500	0
14015	10939	1	16	FF26081	356.4	0
14014	10960	1	16	FF26082	288	0
13820	11006	1	16	FF26083	608	0
14013	11011	1	16	FF26084	1357.2	0
13591	11211	1	16	FF26091	54036	0
13423	11370	1	16	FF26095	1400	0
